9.999999999999983347e-01
9.993976223122590374e-01
9.987934270326194186e-01
9.981874034978424071e-01
9.975795409459757845e-01
9.969698285151069594e-01
9.963582552420948701e-01
9.957448100612826813e-01
9.951294818031907186e-01
9.945122591931850886e-01
9.938931308501287587e-01
9.932720852850073223e-01
9.926491108995348922e-01
9.920241959847334590e-01
9.913973287194939310e-01
9.907684971691093079e-01
9.901376892837850940e-01
9.895048928971246216e-01
9.888700957245899481e-01
9.882332853619356650e-01
9.875944492836176147e-01
9.869535748411727427e-01
9.863106492615751897e-01
9.856656596455602992e-01
9.850185929659229789e-01
9.843694360657855302e-01
9.837181756568369462e-01
9.830647983175396787e-01
9.824092904913078739e-01
9.817516384846532995e-01
9.810918284652972998e-01
9.804298464602523300e-01
9.797656783538675196e-01
9.790993098858415955e-01
9.784307266492000554e-01
9.777599140882359263e-01
9.770868574964146624e-01
9.764115420142398527e-01
9.757339526270847330e-01
9.750540741629797337e-01
9.743718912903625018e-01
9.736873885157881769e-01
9.730005501815950364e-01
9.723113604635298390e-01
9.716198033683294266e-01
9.709258627312553624e-01
9.702295222135877140e-01
9.695307653000659887e-01
9.688295752962883256e-01
9.681259353260582845e-01
9.674198283286845612e-01
9.667112370562254142e-01
9.660001440706864617e-01
9.652865317411614132e-01
9.645703822409192885e-01
9.638516775444360141e-01
9.631303994243689548e-01
9.624065294484727140e-01
9.616800489764562032e-01
9.609509391567758740e-01
9.602191809233693309e-01
9.594847549923232188e-01
9.587476418584758298e-01
9.580078217919523187e-01
9.572652748346317519e-01
9.565199807965408807e-01
9.557719192521811902e-01
9.550210695367762348e-01
9.542674107424460317e-01
9.535109217143046267e-01
9.527515810464753931e-01
9.519893670780269490e-01
9.512242578888254751e-01
9.504562312952994363e-01
9.496852648461203694e-01
9.489113358177883040e-01
9.481344212101300295e-01
9.473544977417001078e-01
9.465715418450852958e-01
9.457855296621092700e-01
9.449964370389370982e-01
9.442042395210720196e-01
9.434089123482470862e-01
9.426104304492055608e-01
9.418087684363692924e-01
9.410039006003907414e-01
9.401958009045833231e-01
9.393844429792342909e-01
9.385698001157876114e-01
9.377518452609009403e-01
9.369305510103683732e-01
9.361058896029078591e-01
9.352778329138097257e-01
9.344463524484406536e-01
9.336114193356003232e-01
9.327730043207275168e-01
9.319310777589498995e-01
9.310856096079737076e-01
9.302365694208095670e-01
9.293839263383290028e-01
9.285276490816462003e-01
9.276677059443230178e-01
9.268040647843881485e-01
9.259366930161687659e-01
9.250655576019255477e-01
9.241906250432907477e-01
9.233118613724959900e-01
9.224292321433925634e-01
9.215427024222493380e-01
9.206522367783294136e-01
9.197577992742331787e-01
9.188593534560041132e-01
9.179568623429886776e-01
9.170502884174427383e-01
9.161395936138811980e-01
9.152247393081535121e-01
9.143056863062473116e-01
9.133823948328045894e-01
9.124548245193452312e-01
9.115229343921857907e-01
9.105866828600479579e-01
9.096460277013432849e-01
9.087009260511248465e-01
9.077513343876977281e-01
9.067972085188736875e-01
9.058385035678608865e-01
9.048751739587764797e-01
9.039071734017706250e-01
9.029344548777468171e-01
9.019569706226654437e-01
9.009746721114239021e-01
8.999875100412862983e-01
8.989954343148587323e-01
8.979983940225916283e-01
8.969963374247880150e-01
8.959892119331125393e-01
8.949769640915693492e-01
8.939595395569425174e-01
8.929368830786770239e-01
8.919089384781749841e-01
8.908756486274977959e-01
8.898369554274413451e-01
8.887927997849713879e-01
8.877431215899909134e-01
8.866878596914177235e-01
8.856269518725461420e-01
8.845603348256687593e-01
8.834879441259273491e-01
8.824097142043704212e-01
8.813255783201816573e-01
8.802354685320520344e-01
8.791393156686648780e-01
8.780370492982546571e-01
8.769285976972103214e-01
8.758138878176848774e-01
8.746928452541684607e-01
8.735653942089927071e-01
8.724314574567179070e-01
8.712909563073624186e-01
8.701438105684266011e-01
8.689899385056674141e-01
8.678292568025651743e-01
8.666616805184401695e-01
8.654871230451559594e-01
8.643054960623546279e-01
8.631167094911638138e-01
8.619206714463123475e-01
8.607172881865844394e-01
8.595064640635465825e-01
8.582881014684724530e-01
8.570621007773863154e-01
8.558283602941492152e-01
8.545867761914948124e-01
8.533372424499353626e-01
8.520796507944344844e-01
8.508138906287530112e-01
8.495398489673634534e-01
8.482574103648197195e-01
8.469664568424709605e-01
8.456668678123958616e-01
8.443585199984275924e-01
8.430412873541364149e-01
8.417150409776262832e-01
8.403796490229930027e-01
8.390349766082879635e-01
8.376808857198169145e-01
8.363172351125970350e-01
8.349438802067820076e-01
8.335606729798625825e-01
8.321674618544226965e-01
8.307640915812389837e-01
8.293504031174788738e-01
8.279262334997520290e-01
8.264914157117505544e-01
8.250457785461893234e-01
8.235891464607610901e-01
8.221213394277756548e-01
8.206421727771538999e-01
8.191514570324155420e-01
8.176489977392830122e-01
8.161345952864890174e-01
8.146080447183636775e-01
8.130691355387344998e-01
8.115176515056523598e-01
8.099533704164167958e-01
8.083760638823443978e-01
8.067854970926808811e-01
8.051814285670199078e-01
8.035636098955437623e-01
8.019317854663563505e-01
8.002856921791275946e-01
7.986250591442048963e-01
7.969496073662969415e-01
7.952590494117609543e-01
7.935530890584552299e-01
7.918314209270443937e-01
7.900937300925522377e-01
7.883396916748768302e-01
7.865689704068665744e-01
7.847812201784635233e-01
7.829760835552904696e-01
7.811531912699274383e-01
7.793121616839888688e-01
7.774526002189505736e-01
7.755740987535064690e-01
7.736762349850508924e-01
7.717585717526685984e-01
7.698206563188031426e-01
7.678620196065121251e-01
7.658821753889504258e-01
7.638806194274216921e-01
7.618568285540027185e-01
7.598102596943792086e-01
7.577403488261189590e-01
7.556465098671620861e-01
7.535281334888032090e-01
7.513845858468793937e-01
7.492152072242598271e-01
7.470193105770400743e-01
7.447961799760663970e-01
7.425450689345506339e-01
7.402651986115718064e-01
7.379557558801591588e-01
7.356158912474410894e-01
7.332447166129570926e-01
7.308413028496743014e-01
7.284046771905002826e-01
7.259338204010803430e-01
7.234276637174130720e-01
7.208850855242543432e-01
7.183049077473322441e-01
7.156858919290711718e-01
7.130267349536710819e-01
7.103260643830052734e-01
7.075824333597361404e-01
7.047943150282157676e-01
7.019600964169837587e-01
6.990780717188663784e-01
6.961464348955640480e-01
6.931632715230150454e-01
6.901265497813962035e-01
6.870341104790543829e-01
6.838836559824941208e-01
6.806727379042604165e-01
6.773987433764990795e-01
6.740588797093284290e-01
6.706501571989165189e-01
6.671693698090493951e-01
6.636130734004339615e-01
6.599775611219641513e-01
6.562588355051566236e-01
6.524525767136508669e-01
6.485541062898624309e-01
6.445583456051100502e-01
6.404597680506906032e-01
6.362523437960618811e-01
6.319294756741032915e-01
6.274839244157554008e-01
6.229077210247984109e-01
6.181920635276748621e-01
6.133271946112401896e-01
6.083022557150015164e-01
6.031051118921876286e-01
5.977221400798186091e-01
5.921379711547752889e-01
5.863351730568626685e-01
5.802938579697128896e-01
5.739911905219534649e-01
5.674007653712719312e-01
5.604918100632949596e-01
5.532281506385909875e-01
5.455668497328968192e-01
5.374563842723767415e-01
5.288341625102931376e-01
5.196230714979145349e-01
5.097265658781302555e-01
4.990214936405172885e-01
4.873473022702877744e-01
4.744892746980602372e-01
4.601513055743415292e-01
4.439095911497576430e-01
4.251312304045904988e-01
4.028160674316484946e-01
3.752486937807119061e-01
3.392462031097616126e-01
2.883223636685148250e-01
2.022915327760329007e-01
-1.887741846319137672e-03
1.799032342623128325e-03
7.927072356513762590e-04
1.051451944233953517e-03
9.874368931132081282e-04
1.002854218891707999e-03
9.992142125945604504e-04
1.000060559238449267e-03
9.998661511156660669e-04
9.999103673022093856e-04
9.999003931379431710e-04
9.999026275065631998e-04
9.999021299427273638e-04
9.999022401733742398e-04
9.999022158629039363e-04
9.999022212030057779e-04
9.999022200341532197e-04
9.999022202891788211e-04
9.999022202336956423e-04
9.999022202457344063e-04
9.999022202431292854e-04
9.999022202436913358e-04
9.999022202435696883e-04
9.999022202435972270e-04
9.999022202435902881e-04
9.999022202435918060e-04
9.999022202435918060e-04
9.999022202435918060e-04
9.999022202435918060e-04
9.999022202435918060e-04
9.999022202435918060e-04
9.999022202435918060e-04
9.999022202435918060e-04
9.999022202435918060e-04
9.999022202435918060e-04
9.999022202435918060e-04
9.999022202435918060e-04
9.999022202435918060e-04
9.999022202435918060e-04
9.999022202435918060e-04
9.999022202435918060e-04
9.999022202435918060e-04
9.999022202435918060e-04
9.999022202435918060e-04
9.999022202435918060e-04
9.999022202435918060e-04
9.999022202435918060e-04
9.999022202435918060e-04
9.999022202435918060e-04
9.999022202435918060e-04
9.999022202435918060e-04
9.999022202435918060e-04
9.999022202435918060e-04
9.999022202435918060e-04
9.999022202435918060e-04
9.999022202435918060e-04
9.999022202435918060e-04
9.999022202435918060e-04
9.999022202435918060e-04
9.999022202435918060e-04
9.999022202435918060e-04
9.999022202435918060e-04
9.999022202435918060e-04
9.999022202435918060e-04
9.999022202435918060e-04
9.999022202435918060e-04
9.999022202435918060e-04
9.999022202435918060e-04
9.999022202435918060e-04
9.999022202435918060e-04
9.999022202435918060e-04
9.999022202435918060e-04
9.999022202435918060e-04
9.999022202435918060e-04
9.999022202435918060e-04
9.999022202435918060e-04
9.999022202435918060e-04
9.999022202435918060e-04
9.999022202435918060e-04
9.999022202435918060e-04
9.999022202435918060e-04
9.999022202435918060e-04
9.999022202435918060e-04
9.999022202435918060e-04
9.999022202435918060e-04
9.999022202435918060e-04
9.999022202435918060e-04
9.999022202435918060e-04
9.999022202435918060e-04
9.999022202435918060e-04
9.999022202435918060e-04
9.999022202435918060e-04
9.999022202435918060e-04
9.999022202435918060e-04
9.999022202435918060e-04
9.999022202435918060e-04
9.999022202435918060e-04
9.999022202435918060e-04
9.999022202435918060e-04
9.999022202435918060e-04
9.999022202435918060e-04
9.999022202435918060e-04
9.999022202435918060e-04
9.999022202435918060e-04
9.999022202435918060e-04
9.999022202435918060e-04
9.999022202435918060e-04
9.999022202435918060e-04
9.999022202435918060e-04
9.999022202435918060e-04
9.999022202435918060e-04
9.999022202435918060e-04
9.999022202435918060e-04
9.999022202435918060e-04
9.999022202435918060e-04
9.999022202435918060e-04
9.999022202435918060e-04
9.999022202435918060e-04
9.999022202435918060e-04
9.999022202435918060e-04
9.999022202435918060e-04
9.999022202435918060e-04
9.999022202435918060e-04
9.999022202435918060e-04
9.999022202435918060e-04
9.999022202435918060e-04
9.999022202435918060e-04
9.999022202435918060e-04
9.999022202435918060e-04
9.999022202435918060e-04
9.999022202435918060e-04
9.999022202435918060e-04
9.999022202435918060e-04
9.999022202435918060e-04
9.999022202435918060e-04
9.999022202435918060e-04
9.999022202435918060e-04
9.999022202435918060e-04
9.999022202435918060e-04
9.999022202435918060e-04
9.999022202435918060e-04
9.999022202435918060e-04
9.999022202435918060e-04
9.999022202435918060e-04
9.999022202435918060e-04
9.999022202435918060e-04
9.999022202435918060e-04
9.999022202435918060e-04
9.999022202435918060e-04
9.999022202435918060e-04
9.999022202435918060e-04
9.999022202435918060e-04
9.999022202435918060e-04
9.999022202435918060e-04
9.999022202435918060e-04
9.999022202435918060e-04
9.999022202435918060e-04
9.999022202435918060e-04
9.999022202435918060e-04
9.999022202435918060e-04
9.999022202435918060e-04
9.999022202435918060e-04
9.999022202435918060e-04
9.999022202435918060e-04
9.999022202435918060e-04
9.999022202435918060e-04
9.999022202435918060e-04
9.999022202435918060e-04
9.999022202435918060e-04
9.999022202435918060e-04
9.999022202435918060e-04
9.999022202435918060e-04
9.999022202435918060e-04
9.999022202435918060e-04
9.999022202435918060e-04
9.999022202435918060e-04
9.999022202435918060e-04
9.999022202435900713e-04
9.999022202435575452e-04
9.999022202438799869e-04
9.999022202437624594e-04
9.999022202364486484e-04
9.999022202485422731e-04
9.999022204211210213e-04
9.999022201463525321e-04
9.999022152603427496e-04
9.999022112974404776e-04
9.999023399831143567e-04
9.999032382795778294e-04
9.999066839288946965e-04
9.999158939740116631e-04
9.999344390817645027e-04
9.999635899357697030e-04
9.999999999999974187e-04
