9.999999999999983347e-01
9.994469172851692118e-01
9.988923026411331563e-01
9.983361478186610904e-01
9.977784444984434398e-01
9.972191842902803360e-01
9.966583587322573878e-01
9.960959592899075732e-01
9.955319773553648055e-01
9.949664042465015124e-01
9.943992312060545569e-01
9.938304494007387246e-01
9.932600499203452227e-01
9.926880237768299642e-01
9.921143619033829797e-01
9.915390551534891683e-01
9.909620942999715076e-01
9.903834700340193864e-01
9.898031729642053911e-01
9.892211936154835517e-01
9.886375224281743757e-01
9.880521497569322298e-01
9.874650658696995098e-01
9.868762609466418256e-01
9.862857250790695307e-01
9.856934482683387122e-01
9.850994204247387476e-01
9.845036313663599881e-01
9.839060708179442338e-01
9.833067284097170013e-01
9.827055936762026933e-01
9.821026560550174533e-01
9.814979048856466992e-01
9.808913294082005629e-01
9.802829187621500129e-01
9.796726619850431028e-01
9.790605480111987946e-01
9.784465656703819070e-01
9.778307036864560819e-01
9.772129506760109940e-01
9.765932951469724621e-01
9.759717254971876921e-01
9.753482300129844296e-01
9.747227968677103505e-01
9.740954141202450289e-01
9.734660697134901453e-01
9.728347514728306056e-01
9.722014471045730133e-01
9.715661441943563847e-01
9.709288302055355535e-01
9.702894924775394836e-01
9.696481182241972752e-01
9.690046945320407445e-01
9.683592083585732535e-01
9.677116465305125592e-01
9.670619957419995805e-01
9.664102425527782980e-01
9.657563733863460120e-01
9.651003745280654078e-01
9.644422321232481998e-01
9.637819321752059132e-01
9.631194605432602529e-01
9.624548029407251626e-01
9.617879449328480268e-01
9.611188719347173448e-01
9.604475692091296590e-01
9.597740218644211785e-01
9.590982148522583239e-01
9.584201329653888601e-01
9.577397608353516167e-01
9.570570829301446869e-01
9.563720835518517704e-01
9.556847468342226648e-01
9.549950567402107904e-01
9.543029970594639755e-01
9.536085514057696111e-01
9.529117032144509558e-01
9.522124357397147021e-01
9.515107320519486933e-01
9.508065750349695699e-01
9.500999473832157927e-01
9.493908315988891511e-01
9.486792099890404284e-01
9.479650646625997767e-01
9.472483775273488060e-01
9.465291302868350520e-01
9.458073044372253824e-01
9.450828812640987842e-01
9.443558418391755360e-01
9.436261670169818760e-01
9.428938374314497217e-01
9.421588334924471120e-01
9.414211353822417028e-01
9.406807230518907659e-01
9.399375762175610216e-01
9.391916743567712000e-01
9.384429967045629928e-01
9.376915222495880720e-01
9.369372297301211683e-01
9.361800976299846644e-01
9.354201041743963607e-01
9.346572273257245378e-01
9.338914447791587525e-01
9.331227339582884861e-01
9.323510720105895322e-01
9.315764358028155723e-01
9.307988019162900528e-01
9.300181466421005849e-01
9.292344459761888720e-01
9.284476756143366094e-01
9.276578109470409172e-01
9.268648270542811929e-01
9.260686987001706116e-01
9.252694003274929413e-01
9.244669060521146786e-01
9.236611896572795022e-01
9.228522245877720520e-01
9.220399839439541445e-01
9.212244404756660954e-01
9.204055665759932614e-01
9.195833342748873651e-01
9.187577152326492635e-01
9.179286807332575071e-01
9.170962016775469072e-01
9.162602485762307847e-01
9.154207915427585718e-01
9.145778002860117661e-01
9.137312441028260235e-01
9.128810918703383903e-01
9.120273120381566789e-01
9.111698726203385501e-01
9.103087411871839674e-01
9.094438848568292544e-01
9.085752702866382036e-01
9.077028636643881265e-01
9.068266306992375236e-01
9.059465366124769270e-01
9.050625461280505935e-01
9.041746234628438295e-01
9.032827323167335054e-01
9.023868358623844399e-01
9.014868967347952067e-01
9.005828770205782652e-01
8.996747382469688636e-01
8.987624413705546100e-01
8.978459467657162740e-01
8.969252142127708272e-01
8.960002028858096157e-01
8.950708713402175665e-01
8.941371774998670974e-01
8.931990786439768515e-01
8.922565313936209330e-01
8.913094916978802074e-01
8.903579148196227866e-01
8.894017553209050408e-01
8.884409670479738175e-01
8.874755031158634289e-01
8.865053158925719767e-01
8.855303569828000265e-01
8.845505772112431941e-01
8.835659266054155525e-01
8.825763543779971965e-01
8.815818089086816522e-01
8.805822377255096978e-01
8.795775874856738286e-01
8.785678039557704988e-01
8.775528319914845943e-01
8.765326155166845989e-01
8.755070975019075830e-01
8.744762199422130289e-01
8.734399238343829586e-01
8.723981491534457122e-01
8.713508348284947358e-01
8.702979187177833920e-01
8.692393375830635982e-01
8.681750270631449773e-01
8.671049216466402143e-01
8.660289546438720842e-01
8.649470581579074002e-01
8.638591630546842426e-01
8.627651989322023818e-01
8.616650940887333743e-01
8.605587754900229092e-01
8.594461687354346680e-01
8.583271980230054998e-01
8.572017861133599537e-01
8.560698542924461973e-01
8.549313223330404776e-01
8.537861084549756008e-01
8.526341292840386998e-01
8.514752998094846648e-01
8.503095333401100575e-01
8.491367414588278928e-01
8.479568339756764495e-01
8.467697188792063789e-01
8.455753022861659529e-01
8.443734883894205012e-01
8.431641794040287685e-01
8.419472755113941442e-01
8.407226748014102746e-01
8.394902732125116840e-01
8.382499644695361463e-01
8.370016400193054373e-01
8.357451889638184417e-01
8.344804979909486997e-01
8.332074513025380380e-01
8.319259305397608273e-01
8.306358147056365215e-01
8.293369800845563633e-01
8.280293001586845891e-01
8.267126455210874747e-01
8.253868837854301255e-01
8.240518794920821399e-01
8.227074940104505130e-01
8.213535854373653633e-01
8.199900084913099851e-01
8.186166144023037106e-01
8.172332507972079885e-01
8.158397615802289726e-01
8.144359868083719256e-01
8.130217625615844268e-01
8.115969208073160468e-01
8.101612892591992798e-01
8.087146912295396506e-01
8.072569454752893670e-01
8.057878660371469159e-01
8.043072620714134535e-01
8.028149376742084176e-01
8.013106916976140415e-01
7.997943175573073438e-01
7.982656030311909845e-01
7.967243300485115087e-01
7.951702744689175262e-01
7.936032058508710740e-01
7.920228872087877736e-01
7.904290747582334298e-01
7.888215176484633107e-01
7.871999576815351674e-01
7.855641290171747615e-01
7.839137578625057223e-01
7.822485621457070382e-01
7.805682511725685613e-01
7.788725252648631692e-01
7.771610753793453119e-01
7.754335827061237252e-01
7.736897182450304111e-01
7.719291423585216139e-01
7.701515042995187299e-01
7.683564417124729706e-01
7.665435801057982612e-01
7.647125322936626501e-01
7.628628978049640796e-01
7.609942622571296278e-01
7.591061966921792692e-01
7.571982568722721574e-01
7.552699825317092941e-01
7.533208965821019953e-01
7.513505042671148049e-01
7.493582922628712062e-01
7.473437277197395590e-01
7.453062572408302167e-01
7.432453057920804795e-01
7.411602755383133179e-01
7.390505445991191191e-01
7.369154657177822143e-01
7.347543648358157986e-01
7.325665395648878198e-01
7.303512575470960666e-01
7.281077546935743605e-01
7.258352332903683646e-01
7.235328599593043863e-01
7.211997634602258511e-01
7.188350323194595548e-01
7.164377122676302001e-01
7.140068034680132625e-01
7.115412575143810203e-01
7.090399741747938078e-01
7.065017978549033018e-01
7.039255137510739280e-01
7.013098436598514951e-01
6.986534414060212583e-01
6.959548878465279254e-01
6.932126854018164641e-01
6.904252520595421938e-01
6.875909147879372130e-01
6.847079022871918053e-01
6.817743369968205513e-01
6.787882262648173848e-01
6.757474525701069323e-01
6.726497626729986967e-01
6.694927555484608828e-01
6.662738689334536391e-01
6.629903642914887207e-01
6.596393099640300850e-01
6.562175622380542750e-01
6.527217440105335111e-01
6.491482206717824610e-01
6.454930727580204808e-01
6.417520648359572588e-01
6.379206099745449166e-01
6.339937290259285430e-01
6.299660037720372641e-01
6.258315227860200558e-01
6.215838185966372498e-01
6.172157944124159190e-01
6.127196382389454854e-01
6.080867216771245198e-01
6.033074799813198386e-01
5.983712690271016932e-01
5.932661936080445564e-01
5.879788998357228236e-01
5.824943221917893155e-01
5.767953727351013971e-01
5.708625557432897013e-01
5.646734851286491219e-01
5.582022734869669378e-01
5.514187493232567405e-01
5.442874407893772970e-01
5.367662368007557472e-01
5.288045940302141812e-01
5.203410913090171785e-01
5.113000243180488846e-01
5.015865519030729969e-01
4.910795903951523655e-01
4.796210847001846633e-01
4.669992308595207753e-01
4.529211894983922737e-01
4.369664810812669553e-01
4.185020259221557404e-01
3.965153765956224707e-01
3.692675956037667073e-01
3.335018299158220012e-01
2.822470712003289361e-01
1.905275143121883397e-01
-1.154468192423326219e-02
3.789772467318136724e-03
3.818069623490386163e-04
1.136375641769692092e-03
9.698612098384529591e-04
1.006496754190326897e-03
9.984582195891030052e-04
1.000217691411098156e-03
9.998334431798852531e-04
9.999171857506974990e-04
9.998989696216524330e-04
9.999029251389198944e-04
9.999020676221533153e-04
9.999022532412690963e-04
9.999022131188754076e-04
9.999022217799897680e-04
9.999022199126703179e-04
9.999022203147885438e-04
9.999022202282911113e-04
9.999022202468771554e-04
9.999022202428864241e-04
9.999022202437418596e-04
9.999022202435594968e-04
9.999022202435996123e-04
9.999022202435902881e-04
9.999022202435918060e-04
9.999022202435918060e-04
9.999022202435918060e-04
9.999022202435918060e-04
9.999022202435918060e-04
9.999022202435918060e-04
9.999022202435918060e-04
9.999022202435918060e-04
9.999022202435918060e-04
9.999022202435918060e-04
9.999022202435918060e-04
9.999022202435918060e-04
9.999022202435918060e-04
9.999022202435918060e-04
9.999022202435918060e-04
9.999022202435918060e-04
9.999022202435918060e-04
9.999022202435918060e-04
9.999022202435918060e-04
9.999022202435918060e-04
9.999022202435918060e-04
9.999022202435918060e-04
9.999022202435918060e-04
9.999022202435918060e-04
9.999022202435918060e-04
9.999022202435918060e-04
9.999022202435918060e-04
9.999022202435918060e-04
9.999022202435918060e-04
9.999022202435918060e-04
9.999022202435918060e-04
9.999022202435918060e-04
9.999022202435918060e-04
9.999022202435918060e-04
9.999022202435918060e-04
9.999022202435918060e-04
9.999022202435918060e-04
9.999022202435918060e-04
9.999022202435918060e-04
9.999022202435918060e-04
9.999022202435918060e-04
9.999022202435918060e-04
9.999022202435918060e-04
9.999022202435918060e-04
9.999022202435918060e-04
9.999022202435918060e-04
9.999022202435918060e-04
9.999022202435918060e-04
9.999022202435918060e-04
9.999022202435918060e-04
9.999022202435918060e-04
9.999022202435918060e-04
9.999022202435918060e-04
9.999022202435918060e-04
9.999022202435918060e-04
9.999022202435918060e-04
9.999022202435918060e-04
9.999022202435918060e-04
9.999022202435918060e-04
9.999022202435918060e-04
9.999022202435918060e-04
9.999022202435918060e-04
9.999022202435918060e-04
9.999022202435918060e-04
9.999022202435918060e-04
9.999022202435918060e-04
9.999022202435918060e-04
9.999022202435918060e-04
9.999022202435918060e-04
9.999022202435918060e-04
9.999022202435918060e-04
9.999022202435918060e-04
9.999022202435918060e-04
9.999022202435918060e-04
9.999022202435918060e-04
9.999022202435918060e-04
9.999022202435918060e-04
9.999022202435918060e-04
9.999022202435918060e-04
9.999022202435918060e-04
9.999022202435918060e-04
9.999022202435918060e-04
9.999022202435918060e-04
9.999022202435918060e-04
9.999022202435918060e-04
9.999022202435918060e-04
9.999022202435918060e-04
9.999022202435918060e-04
9.999022202435918060e-04
9.999022202435918060e-04
9.999022202435918060e-04
9.999022202435918060e-04
9.999022202435918060e-04
9.999022202435918060e-04
9.999022202435918060e-04
9.999022202435918060e-04
9.999022202435918060e-04
9.999022202435918060e-04
9.999022202435918060e-04
9.999022202435918060e-04
9.999022202435918060e-04
9.999022202435918060e-04
9.999022202435918060e-04
9.999022202435918060e-04
9.999022202435918060e-04
9.999022202435918060e-04
9.999022202435918060e-04
9.999022202435918060e-04
9.999022202435918060e-04
9.999022202435918060e-04
9.999022202435918060e-04
9.999022202435918060e-04
9.999022202435918060e-04
9.999022202435918060e-04
9.999022202435918060e-04
9.999022202435918060e-04
9.999022202435918060e-04
9.999022202435918060e-04
9.999022202435918060e-04
9.999022202435918060e-04
9.999022202435918060e-04
9.999022202435918060e-04
9.999022202435918060e-04
9.999022202435918060e-04
9.999022202435918060e-04
9.999022202435933239e-04
9.999022202437128030e-04
9.999022202433829887e-04
9.999022202409107909e-04
9.999022202501809363e-04
9.999022203138472394e-04
9.999022201361248193e-04
9.999022180820010212e-04
9.999022167224919447e-04
9.999022715211456237e-04
9.999026658144749471e-04
9.999042763535689621e-04
9.999089736826927231e-04
9.999195368396174028e-04
9.999385290995043557e-04
9.999663703428305402e-04
9.999999999999974187e-04
